id,accident_id,flag,date,time,lng,lat
1,3101176201400124,2,2014-8-29,18:30:00,121.19009819539,31.114912941851
2,3101182201400408,1,2014-8-12,22:55:00,121.22773630963,31.203728636498
3,3101158201500126,1,2015-4-15,8:10:00,121.68118942377,31.117616396708
4,3101121201400291,1,2014-11-26,11:50:00,121.54838226453,31.096269316572
5,3101155201400393,1,2014-9-11,15:05:00,121.5555400329,31.357712231187
6,3101158201400289,1,2014-7-2,7:18:00,121.64744700181,31.043728831207
7,3101173201400081,1,2014-7-5,8:06:00,121.07366747258,30.937711178951
8,3101087201400024,2,2014-7-23,12:40:00,121.43781703294,31.303404068589
9,3101171201400099,3,2014-7-19,10:35:00,121.26178054966,31.075595019687
10,3101087201400022,1,2014-7-7,20:17:00,121.47441343797,31.25107318478
11,3102303201400108,1,2014-9-25,16:15:00,121.40345241674,31.687458676003
12,3101120201400169,1,2014-7-7,23:39:00,121.39926457394,31.024352390538
13,3101153201400321,1,2014-7-21,17:22:00,121.57804788054,31.164683720437
14,3101170201400085,1,2014-7-7,17:25:00,121.26878319953,31.035166099497
15,3101127201400173,1,2014-7-17,18:05:00,121.41376719538,31.142218076929
16,3101128201400172,2,2014-7-16,22:23:00,121.3814147458,31.080577684785
17,3101177201400118,1,2014-8-23,22:58:00,121.14213216568,31.04911167282
18,3101151201400342,1,2014-8-3,11:55:00,121.7281196677,31.039918866983
19,3101172201400093,1,2014-7-11,15:33:00,121.21805648745,31.047123502082
20,3101146201400140,1,2014-10-30,22:50:00,121.14730240077,31.361431259298
21,3101151201400407,1,2014-9-18,19:25:00,121.70519761139,31.277418703727
22,3101124201400210,2,2014-9-3,12:16:00,121.42281218955,31.0886692197
23,3101173201400087,1,2014-7-9,19:34:00,121.23766998575,31.080225967434
24,3101129201400202,2,2014-8-24,20:07:00,121.53471142009,31.065041532741
25,3101126201400176,2,2014-7-20,22:04:00,121.51922460256,31.051346996107
26,3101121201400165,1,2014-7-6,20:51:00,121.41376719538,31.142218076929
27,3101121201400186,2,2014-7-29,11:37:00,121.56224746096,31.110760567643
28,3101086201400023,1,2014-7-21,10:34:00,121.45765266063,31.294617854291
29,3101175201400104,2,2014-7-18,17:45:00,121.28028966667,31.136157000972
30,3101107201400041,1,2014-10-23,9:23:00,121.51139960519,31.313693988145
31,3101151201400349,1,2014-8-5,17:09:00,121.59505392852,31.337690362703
32,3101154201400392,1,2014-9-11,19:57:00,121.63921104944,31.225534899271
33,3101126201400167,2,2014-7-6,21:58:00,121.40316343724,31.165939946502
34,3101152201400436,1,2014-10-4,7:15:00,121.59318476496,31.295736434998
35,3103013201400005,2,2014-7-20,22:25:00,121.36987807493,31.121332054514
36,3101153201400292,1,2014-7-2,21:40:00,121.60654252387,31.309714037745
37,3101160201400056,1,2014-8-6,8:56:00,121.32424509645,30.885945815636
38,3101184201400392,1,2014-8-2,21:38:00,121.226133464,31.181060549011
39,3101057201400023,1,2014-7-14,15:28:00,121.35205662515,31.229478221333
40,3101173201400092,1,2014-7-12,19:40:00,121.21585621207,31.003973998226
41,3101136201400146,1,2014-8-29,18:32:00,121.51237757962,31.157909046463
42,3101183201400376,1,2014-7-23,8:01:00,121.2106395813,31.255227002715
43,3101120201400164,1,2014-7-4,10:50:00,121.43951776152,31.141412407964
44,3101180201400381,1,2014-7-26,0:57:00,121.10836464327,31.26325941637
45,3101049201400038,1,2014-7-16,10:07:00,121.44251697635,31.110661407341
46,3101177201400106,1,2014-8-3,20:15:00,121.33484808114,31.049313204319
47,3101124201400230,2,2014-9-27,7:10:00,121.38468442155,31.180662725161
48,3101130201400133,1,2014-7-31,17:35:00,121.42740818374,31.358072690461
49,3101147201400104,1,2014-8-6,15:35:00,121.25615848306,31.361524759857
50,3101158201400288,1,2014-7-2,1:00:00,121.65317828978,31.087976882476
51,3101152201400411,1,2014-9-21,22:32:00,121.62338108818,31.204180016035
52,3101148201400117,1,2014-8-30,6:40:00,121.21732566112,31.429180650846
53,3101157201400423,1,2014-9-27,18:10:00,121.76946215401,31.002490885793
54,3101121201400179,1,2014-7-22,17:09:00,121.27194583499,31.247423527141
55,3101097201400022,2,2014-7-21,15:15:00,121.5195983758,31.270044785563
56,3101134201400118,1,2014-7-8,9:29:00,121.42172311539,31.276903253723
57,3101171201400110,1,2014-8-12,9:55:00,121.32007107767,31.114428743318
58,3101168201400091,1,2014-10-14,17:54:00,121.30750079582,30.71767764778
59,3101157201400424,1,2014-9-23,10:10:00,121.67298910448,31.178794445608
60,3101133201400130,1,2014-7-30,9:16:00,121.298841349,31.339927524535
61,3101146201400110,1,2014-8-21,12:45:00,121.28460553058,31.295802103049
62,3101174201400115,2,2014-8-10,21:00:00,121.29701333771,31.155301502212
63,3101165201400083,1,2014-9-17,12:14:00,121.16588823398,30.896538347912
64,3101123201400239,2,2014-9-29,21:50:00,100.92731774534,22.111413013255
65,3101156201400316,1,2014-7-21,3:46:00,121.65212444177,31.165972591315
66,3101142201400109,1,2014-8-19,19:35:00,121.26814908747,31.281353334847
67,3101157201400295,1,2014-7-4,12:25:00,121.64921727631,31.033430979487
68,3101146201400094,1,2014-7-9,8:43:00,121.29487098596,31.425494666166
69,3101156201400305,1,2014-7-10,17:59:00,121.66849272608,31.243639468218
70,3101180201400359,1,2014-7-12,11:07:00,121.12888463604,31.240867358875
71,3101141201400113,1,2014-8-25,13:35:00,121.28636125433,31.405490233701
72,3101106201400053,1,2014-11-17,6:30:00,121.54072008414,31.300086259562
73,3101124201400178,2,2014-7-22,9:10:00,121.33425004862,31.224837868868
74,3101151201400308,1,2014-7-13,16:50:00,121.61732267238,31.01485177971
75,3101176201400101,1,2014-7-27,11:32:00,121.18213559199,31.046472694838
76,3101174201400135,2,2014-9-18,19:22:00,121.36736178735,31.098448706196
77,3101181201400367,1,2014-7-17,10:08:00,121.13295310661,31.143295660667
78,3101151201400365,1,2014-8-14,17:15:00,121.63227290958,31.28550624513
79,3101174201400086,1,2014-7-7,3:55:00,121.23549088882,31.007653384176
80,3102304201400076,1,2014-7-14,15:10:00,121.36155752374,31.743195895881
81,3101173201400080,1,2014-7-4,20:05:00,121.27416680464,31.024523734755
82,3101128201400189,2,2014-7-30,6:17:00,121.41376719538,31.142218076929
83,3101139201400138,1,2014-8-13,14:42:00,121.34944035078,31.307365327012
84,3101137201400119,1,2014-7-9,6:20:00,121.43202978682,31.349799883771
85,3101158201400296,1,2014-7-6,3:08:00,121.77508773657,31.059298227641
86,3101165201400082,1,2014-9-17,2:27:00,121.40256715911,30.802022745122
87,3101163201400081,1,2014-9-16,7:15:00,121.16588823398,30.896538347912
88,3101153201400379,1,2014-8-28,8:25:00,121.85311673156,31.081430170796
89,3101122201400170,1,2014-7-9,3:44:00,121.52214197007,30.989054381003
90,3101176201400116,2,2014-8-20,4:18:00,121.31075865886,31.099250839984
91,3101159201400297,1,2014-7-6,12:20:00,121.77668608258,30.986106921243
92,3101075201400062,1,2014-7-26,2:40:00,121.38437461304,31.289763403086
93,3101170201400084,1,2014-7-7,16:55:00,121.21379898555,31.103920690859
94,3101157201400290,1,2014-7-1,19:12:00,121.73206334387,31.161321743899
95,3101070201400090,1,2014-10-12,0:26:00,121.42836544684,31.265963582008
96,3101109201400031,1,2014-9-14,11:25:00,121.5195983758,31.270044785563
97,3101165201400089,1,2014-10-2,10:03:00,121.20347937313,30.894901926884
98,3101122201400185,2,2014-7-28,13:11:00,121.5235993459,31.058135683274
99,3101156201400559,1,2014-12-12,18:09:00,121.70186930324,31.210252137268
100,3102213201400016,1,2014-10-1,10:35:00,121.59134244905,31.364531572429
101,3101123201400195,1,2014-8-11,9:42:00,121.36987807493,31.121332054514
102,3101139201400123,2,2014-7-11,16:30:00,121.47387511133,31.334171552791
103,3101170201400142,2,2014-9-22,22:52:00,121.25394294188,31.116747989293
104,3101159201400306,1,2014-7-11,17:21:00,121.63227290958,31.28550624513
105,3101151201400371,1,2014-8-22,11:48:00,121.66849272608,31.243639468218
106,3101143201400124,1,2014-9-17,9:19:00,121.21820274955,31.356180996405
107,3101138201400171,1,2014-10-16,9:18:00,121.298841349,31.339927524535
108,3101157201400324,1,2014-7-23,18:10:00,121.77028927869,31.061623175504
109,3101154201400339,1,2014-8-1,9:33:00,121.8007496732,30.870264068705
110,3101150201400388,1,2014-9-10,15:07:00,121.68118942377,31.117616396708
111,3101152201400328,1,2014-7-25,21:50:00,121.74469256085,31.236731458632
112,3101126201400191,1,2014-8-3,14:50:00,121.52398254956,31.090776974862
113,3101178201400107,1,2014-8-4,18:20:00,121.24784302077,31.059651964628
114,3101179201400091,1,2014-7-12,8:14:00,121.1922430552,30.941933114626
115,3101163201400059,1,2014-8-26,10:18:00,121.16588823398,30.896538347912
116,3101125201400269,1,2014-10-29,17:20:00,121.42704931787,31.094783796244
117,3102235201400006,1,2014-12-3,16:07:00,121.61283740423,31.332478117465
118,3103013201400008,2,2014-10-3,5:16:00,121.29334879021,31.11478735724
119,3102301201400090,1,2014-8-15,19:30:00,121.57746468084,31.622725551125
120,3101127201400197,2,2014-8-14,7:26:00,121.12689847887,31.144389964241
121,3101122201400240,1,2014-10-4,12:40:00,121.43894086074,31.106950867134
122,3101138201400183,1,2014-10-28,7:48:00,121.5015936744,31.406843246996
123,3102305201400091,1,2014-8-18,7:40:00,121.60783377606,31.61372083139
124,3101129201400282,2,2014-11-13,17:44:00,121.33174135082,31.197646780631
125,3101152201400332,1,2014-7-28,10:25:00,121.85112602097,31.061862436008
126,3101182201400465,1,2014-10-6,9:55:00,121.226133464,31.181060549011
127,3103014201400006,2,2014-9-11,12:01:00,121.29308405958,31.114777386686
128,3101174201400117,2,2014-8-19,20:54:00,121.23766998575,31.080225967434
129,3101178201400127,1,2014-9-14,3:18:00,121.26233344143,31.022526047762
130,3101121201400224,2,2014-9-22,21:00:00,121.51394110641,31.101384746455
131,3101162201400076,1,2014-8-31,15:50:00,121.19080591909,30.856081123506
132,3101124201400253,1,2014-10-18,21:20:00,121.5599287431,31.083032867999
133,3101171201400103,1,2014-7-19,20:10:00,121.30012624837,31.010952048358
134,3101165201400090,1,2014-10-7,18:42:00,121.31110155824,30.801830215806
135,3101188201400370,1,2014-7-19,23:15:00,121.11979077585,31.200716502592
136,3101150201400311,1,2014-7-16,11:39:00,121.69883241617,31.192077062679
137,3101153201400373,1,2014-8-25,11:12:00,121.66716477721,31.283241387621
138,3101123201400194,1,2014-8-8,11:20:00,121.41376719538,31.142218076929
139,3101159201400463,1,2014-10-22,8:20:00,104.94560896536,36.690350490926
140,3101019201400019,1,2014-7-25,8:10:00,121.47871907287,31.204247389913
141,3101147201400116,1,2014-8-29,23:18:00,121.25621058209,31.445409164648
142,3101209201400105,1,2014-8-21,22:14:00,121.52909134594,30.844040572137
143,3101040201400050,2,2014-8-12,0:12:00,121.45704710929,31.191605657173
144,3101201201400091,1,2014-7-13,6:50:00,121.73660827568,30.952540626307
145,3101142201400150,1,2014-11-12,15:50:00,121.31228698734,31.247473008329
146,3102304201400118,1,2014-10-23,14:56:00,121.57746468084,31.622725551125
147,3101156201400318,1,2014-7-21,7:35:00,121.70186930324,31.210252137268
148,3101158201400375,1,2014-8-26,23:42:00,121.63177878945,31.241552299289
149,3101131201400161,1,2014-9-30,5:10:00,121.38275542006,31.318691555232
150,3101097201400033,2,2014-11-18,16:34:00,114.16170176527,39.76899447952
151,3101152201400314,1,2014-7-18,14:09:00,121.65317828978,31.087976882476
152,3101127201400201,1,2014-8-21,19:26:00,121.46096180882,31.114918185195
153,3101201201400096,1,2014-8-1,4:35:00,121.73660827568,30.952540626307
154,3101180201400464,1,2014-9-30,22:18:00,121.23888071563,31.2358506711
155,3101157201400387,1,2014-9-7,11:13:00,121.52727000457,31.201857995081
156,3101143201400126,1,2014-9-21,9:07:00,121.28636125433,31.405490233701
157,3101129201400255,1,2014-10-19,13:12:00,121.56224746096,31.110760567643
158,3101148201400120,1,2014-9-5,20:05:00,121.21820274955,31.356180996405
159,3101138201400167,1,2014-10-10,15:35:00,121.46934178113,31.380004365001
160,3101124201400204,2,2014-8-28,19:38:00,121.37261971502,31.024839538314
161,3101075201400087,1,2014-10-2,23:33:00,121.40312661031,31.247586855505
162,3101205201400104,1,2014-8-15,9:40:00,121.57765779047,30.924028054887
163,3101124201400237,1,2014-9-30,3:59:00,121.37246829754,31.114545768549
164,3101152201400495,1,2014-11-8,18:30:00,121.8689141005,30.89246958473
165,3101178201400089,1,2014-7-10,10:48:00,121.26781405724,31.013529369117
166,3101096201400019,2,2014-7-16,0:10:00,121.5195983758,31.270044785563
167,3101049201400048,1,2014-8-10,6:48:00,121.44967779267,31.206668422752
168,3101070201400066,1,2014-8-6,17:52:00,121.37177940771,31.287175348079
169,3102301201400106,1,2014-9-24,9:27:00,121.46106369553,31.66306631169
170,3101014201400022,1,2014-8-25,5:20:00,121.51038262185,31.216484699982
171,3101170201400126,1,2014-9-13,16:50:00,121.27070696749,30.917891488537
172,3101208201400095,1,2014-7-31,20:23:00,121.7371852079,30.909587559907
173,3101125201400217,2,2014-9-14,13:28:00,121.28720251564,31.228872104318
174,3101045201400046,1,2014-8-6,7:35:00,121.43144456055,31.173852911784
175,3101153201400453,1,2014-10-15,20:20:00,121.67058604921,31.233760864975
176,3101121201400214,2,2014-9-10,18:44:00,121.43259484165,31.081472209725
177,3101206201400086,1,2014-7-2,19:00:00,121.59692514022,30.985723321869
178,3101172201400109,1,2014-8-11,4:55:00,121.14213216568,31.04911167282
179,3101127201400225,1,2014-9-23,15:00:00,121.39926457394,31.024352390538
180,3101159201400338,1,2014-7-31,17:38:00,121.73570263012,31.231348319577
181,3101180201400441,1,2014-9-5,17:45:00,121.10778030003,31.172602945153
182,3101122201400223,1,2014-9-19,17:48:00,121.43259484165,31.081472209725
183,3101151201400312,1,2014-7-18,8:23:00,121.65212444177,31.165972591315
184,3101138201400120,1,2014-7-9,5:14:00,121.35035166106,31.411319343562
185,3101175201400134,1,2014-9-19,2:50:00,121.32341834726,30.966879506562
186,3101159201400394,1,2014-9-12,19:49:00,121.46288401284,31.132169062864
187,3101177201400111,1,2014-8-13,3:00:00,121.20171942016,31.136245314463
188,3101087201400029,2,2014-8-17,19:58:00,121.47507827029,31.260838120827
189,3101135201400137,1,2014-8-9,5:05:00,121.48379577101,31.326785451327
190,3101201201400136,1,2014-10-10,21:00:00,121.73660827568,30.952540626307
191,3101151201400505,1,2014-11-14,20:02:00,121.61092404224,31.315188632619
192,3101044201400051,1,2014-8-14,23:39:00,121.45851480934,31.206563691579
193,3101188201400394,1,2014-8-5,7:43:00,121.09721445128,31.221209445259
194,3101158201400364,1,2014-8-14,22:03:00,121.59505392852,31.337690362703
195,3101141201400121,1,2014-9-10,6:42:00,121.23760582787,31.336962047249
196,3101160201400075,1,2014-8-28,15:30:00,121.22196724971,30.836736045749
197,3101157201400352,1,2014-8-8,9:52:00,121.8925157348,30.920590314338
198,3102303201400119,1,2014-10-24,7:27:00,121.39607895713,31.641655497531
199,3101146201400111,1,2014-8-24,17:51:00,121.21820274955,31.356180996405
200,3101206201400092,1,2014-7-25,4:05:00,121.7258778385,30.947604113482
201,3101149201400133,1,2014-10-14,10:01:00,121.298841349,31.339927524535
202,3101080201400025,2,2014-7-28,10:15:00,121.46148860033,31.250279884941
203,3101155201400329,1,2014-7-27,8:05:00,121.67403085411,31.201739541562
204,3101156201400358,1,2014-8-11,23:20:00,121.64921727631,31.033430979487
205,3101129201400260,2,2014-10-23,22:37:00,121.34848343353,31.172391216909
206,3101124201400256,2,2014-10-22,15:12:00,121.39926457394,31.024352390538
207,3101178201400136,1,2014-9-23,6:50:00,121.18213559199,31.046472694838
208,3101150201400354,1,2014-8-11,9:35:00,121.58433176743,31.347750052283
209,3101125201400188,1,2014-7-29,21:05:00,121.39926457394,31.024352390538
210,3101158201400330,1,2014-7-28,4:25:00,121.86496866095,30.908914638838
211,3101043201400057,1,2014-9-4,6:26:00,121.41081125732,31.164838239581
212,3101159201400474,1,2014-10-29,11:50:00,121.67837296291,31.242158023862
213,3101156201400307,1,2014-7-11,20:43:00,121.62644740014,31.186470740366
214,3101127201400249,1,2014-10-14,10:35:00,121.43259484165,31.081472209725
215,3101123201400187,1,2014-7-27,0:32:00,121.36987807493,31.121332054514
216,3101134201400153,1,2014-9-20,16:10:00,121.39507487255,31.396027814705
217,3101153201400396,1,2014-9-14,17:25:00,121.91339635321,30.886080358435
218,3101158201400386,1,2014-9-7,20:55:00,121.53047886594,31.236379902815
219,3101170201400138,1,2014-10-2,8:35:00,121.1922430552,30.941933114626
220,3101125201400220,2,2014-9-16,12:44:00,121.41376719538,31.142218076929
221,3101171201400123,1,2014-9-2,15:05:00,121.14920145275,30.994484702366
222,3101048201400065,1,2014-9-27,0:02:00,121.43641810177,31.137137540963
223,3101144201400139,1,2014-10-29,8:26:00,121.21732566112,31.429180650846
224,3101183201400524,1,2014-12-8,14:34:00,121.26699219663,31.214038186738
225,3101157201400533,1,2014-12-2,15:40:00,121.62338108818,31.204180016035
226,3101071201400072,2,2014-8-22,12:00:00,121.40312661031,31.247586855505
227,3101129201400198,2,2014-8-16,16:59:00,121.51394110641,31.101384746455
228,3102211201400012,2,2014-7-21,23:10:00,121.92353988249,30.858354330132
229,3101109201400054,1,2014-11-30,19:48:00,121.54501616916,31.323417752513
230,3101084201400026,2,2014-8-2,5:04:00,121.45241194718,31.275913295653
231,3101178201400114,2,2014-8-13,10:46:00,121.36516724585,31.105826381801
232,3102250201400007,1,2014-7-21,1:10:00,121.81049994857,31.155341598993
233,3101156201400409,1,2014-9-19,9:57:00,121.49549198632,31.186631295049
234,3101067201400024,2,2014-7-5,15:10:00,121.44175802946,31.240328434233
235,3101128201400212,2,2014-9-4,20:04:00,121.42350741962,31.180816639243
236,3101174201400129,1,2014-9-14,15:40:00,121.2279521428,31.063420464936
237,3101136201400143,1,2014-8-22,17:15:00,121.42034951194,31.398090908842
238,3101127201400216,2,2014-9-12,10:28:00,121.34881972498,31.020412597207
239,3101130201400134,1,2014-8-1,1:30:00,121.46208858217,31.32894931465
240,3101154201400518,1,2014-11-22,20:44:00,121.63865283521,31.244859751291
241,3101134201400141,1,2014-8-14,22:10:00,121.50131969212,31.396616654393
242,3101187201400461,1,2014-9-25,4:57:00,121.27486717751,31.1533678379
243,3101151201400510,1,2014-11-20,0:50:00,121.48789948569,31.249161710015
244,3101159201400416,1,2014-9-23,21:09:00,121.66564973018,31.220602364299
245,3102305201400079,1,2014-7-23,9:20:00,121.69554412394,31.523191954441
246,3101145201400093,1,2014-7-9,8:15:00,121.30071100214,31.42332615326
247,3101175201400105,1,2014-7-31,19:20:00,121.26621870618,31.097799089858
248,3101054201400026,1,2014-8-22,11:01:00,121.42073752961,31.204520283811
249,3101188201400451,1,2014-9-16,15:35:00,121.2106395813,31.255227002715
250,3101136201400152,1,2014-9-16,9:18:00,121.49877562084,31.355760609932
251,3101124201400292,2,2014-11-26,13:58:00,121.41428137917,31.05715286282
252,3101055201400032,1,2014-10-30,11:02:00,121.40496275216,31.204761003361
253,3101124201400182,2,2014-7-27,10:42:00,121.57611055265,30.930233742508
254,3101135201400199,1,2014-11-22,8:15:00,121.4646100934,31.342755541292
255,3101083201400039,2,2014-10-16,7:40:00,121.45765266063,31.294617854291
256,3101079201400083,1,2014-9-19,9:45:00,121.43546436003,31.252259654778
257,3101157201400395,1,2014-9-12,18:23:00,121.64921727631,31.033430979487
258,3101019201400031,1,2014-11-21,11:00:00,121.47886964145,31.229660475497
259,3101126201400218,2,2014-9-15,8:20:00,121.50084362792,31.306937532909
260,3101128201400228,2,2014-9-23,18:30:00,121.35829966879,31.173610131942
261,3101126201400243,1,2014-10-8,8:25:00,121.41019243711,31.153968722767
262,3101081201400033,1,2014-9-4,7:45:00,121.45765266063,31.294617854291
263,3101128201400286,2,2014-11-17,19:02:00,121.31044805805,31.207424482076
264,3101124201400177,1,2014-7-21,19:56:00,121.34848343353,31.172391216909
265,3101121201400246,2,2014-10-12,18:20:00,121.34881972498,31.020412597207
266,3101153201400367,1,2014-8-21,10:02:00,121.52340985284,31.215969511482
267,3101051201500010,1,2015-4-7,10:07:00,121.41425163717,31.216778817589
268,3101081201400038,1,2014-10-11,8:00:00,121.45879084875,31.32213826831
269,3101042201400073,2,2014-11-24,0:52:00,121.44365649755,31.195397798637
270,3101174201400095,1,2014-7-15,11:15:00,121.3165797109,30.93887259498
271,3101121201400265,2,2014-10-27,9:19:00,121.39269785197,31.118838141064
272,3101019201400023,1,2014-9-4,11:30:00,121.47889980027,31.214326933025
273,3101170201400128,2,2014-9-11,5:40:00,121.25814314715,31.111176038808
274,3101151201400487,1,2014-11-3,23:35:00,121.64921727631,31.033430979487
275,3101180201400382,1,2014-7-27,13:30:00,121.08081766733,31.182698017136
276,3101140201400131,1,2014-9-27,14:10:00,121.38625419426,31.254738485566
277,3101127201400200,1,2014-8-18,6:03:00,121.36987807493,31.121332054514
278,3101152201400350,1,2014-8-5,21:20:00,121.48789948569,31.249161710015
279,3101161201500009,1,2015-1-20,20:46:00,121.15423046164,30.810017538393
280,3101078201400082,1,2014-9-18,9:42:00,121.39595273712,31.265527736622
281,3101152201400413,1,2014-9-21,11:05:00,121.64921727631,31.033430979487
282,3101123201400303,1,2014-12-11,13:16:00,121.55768532839,31.027617381382
283,3101136201400149,2,2014-9-7,13:01:00,121.42945269564,31.288795980563
284,3101041201400044,1,2014-7-6,18:28:00,121.4159832504,31.179075593783
285,3101078201400077,1,2014-8-30,17:08:00,121.39595273712,31.265527736622
286,3101204201400103,1,2014-8-15,11:20:00,121.57584087236,30.962239210845
287,3101186201400463,1,2014-9-29,8:00:00,121.13295310661,31.143295660667
288,3101171201400184,2,2014-12-2,14:58:00,121.286128171,31.115674446006
289,3101100201400055,1,2014-12-15,13:10:00,121.5516330552,31.326931272967
290,3101173201400094,2,2014-7-14,18:08:00,121.25814314715,31.111176038808
291,3101129201400174,1,2014-7-18,15:25:00,121.43259484165,31.081472209725
292,3101143201500002,1,2015-1-2,13:46:00,121.21732566112,31.429180650846
293,3101129201400252,2,2014-10-17,23:13:00,121.36987807493,31.121332054514
294,3101184201400507,1,2014-11-20,22:30:00,121.240475746,31.225519630827
295,3101067201400032,1,2014-9-4,13:44:00,121.462373725,31.225998265526
296,3101178201400113,1,2014-7-31,14:16:00,121.34881972498,31.020412597207
297,3101133201400129,2,2014-7-28,20:12:00,121.34287028711,31.42179094487
298,3101164201400088,1,2014-9-24,5:20:00,121.16588823398,30.896538347912
299,3101129201400231,2,2014-9-26,18:56:00,121.36378358498,31.146595183312
300,3101089201400037,1,2014-10-4,9:20:00,121.45765266063,31.294617854291
301,3101017201400027,1,2014-10-24,8:50:00,121.45851480934,31.206563691579
302,3101134201400170,1,2014-10-14,10:39:00,121.35416297012,31.320392536038
303,3101177201400137,1,2014-9-30,17:20:00,121.24235651656,31.120546435476
304,3101178201400119,2,2014-8-25,6:32:00,121.36516724585,31.105826381801
305,3101187201400489,1,2014-11-1,5:11:00,121.22773630963,31.203728636498
306,3101135201400135,1,2014-8-6,6:38:00,121.3890589987,31.401645087597
307,3101181201400448,1,2014-9-13,7:10:00,121.10848250275,31.206606578243
308,3101130201400128,1,2014-7-27,16:12:00,121.38641646955,31.423061074741
309,3101151201400366,1,2014-8-20,19:25:00,121.74181840003,31.072753125437
310,3101120201400209,1,2014-9-3,7:49:00,121.52214197007,30.989054381003
311,3101178201400097,2,2014-7-17,21:15:00,121.24235651656,31.120546435476
312,3101122201400211,1,2014-9-4,6:45:00,121.30414832864,31.211384005786
313,3101207201400137,1,2014-10-20,11:45:00,121.43192210425,30.875179078551
314,3101092201400026,2,2014-9-12,14:10:00,121.48416823093,31.263809171137
315,3101148201400130,1,2014-9-25,15:10:00,121.25368956852,31.389155534428
316,3101044201400058,1,2014-9-9,14:39:00,121.44417487103,31.148671089894
317,3101101201400026,1,2014-7-23,15:30:00,121.53069903612,31.299155757446
318,3101132201400124,2,2014-7-17,8:05:00,121.44082170856,31.432270417531
319,3101173201400139,1,2014-10-2,18:15:00,121.1922430552,30.941933114626
320,3101170201400112,1,2014-8-19,5:00:00,121.32341834726,30.966879506562
321,3101170201400098,2,2014-7-10,3:01:00,121.286128171,31.115674446006
322,3101152201400355,1,2014-8-11,14:00:00,121.5555400329,31.357712231187
323,3101174201400122,2,2014-8-20,5:05:00,121.30375603414,31.035543883524
324,3101134201400156,1,2014-9-23,18:12:00,121.47302403872,31.395343023417
325,3101145201400157,1,2014-11-17,17:28:00,121.21090915829,31.417107761388
326,3101175201400141,1,2014-10-7,14:33:00,121.17583785323,31.141790538707
327,3101170201400188,2,2014-12-8,11:31:00,121.21317659099,31.045066673201
328,3101179201400130,1,2014-9-14,23:19:00,121.21317659099,31.045066673201
329,3101142201400132,1,2014-10-2,6:03:00,121.18240056337,31.35853556089
330,3101168201400093,1,2014-10-20,21:05:00,121.35893266875,30.818908314705
331,3101017201400018,2,2014-7-21,9:52:00,91.750643874412,29.229026931718
332,3101130201400190,1,2014-11-7,15:18:00,121.48740129804,31.385163974754
333,3101151201400446,1,2014-10-11,11:00:00,121.62644740014,31.186470740366
334,3101175201400140,1,2014-10-2,21:44:00,100.1478423084,34.021807573602
335,3101177201400156,1,2014-10-27,12:45:00,121.32341834726,30.966879506562
336,3101166201500007,1,2015-1-20,9:38:00,121.35893266875,30.818908314705
337,3101078201400095,1,2014-11-20,10:20:00,121.37177940771,31.287175348079
338,3101158201400472,1,2014-10-26,22:57:00,121.29334879021,31.11478735724
339,3101074201400088,2,2014-10-4,6:35:00,121.44694099534,31.262035092774
340,3101044201400052,2,2014-8-19,22:38:00,121.44790646266,31.196020115717
341,3101089201400041,1,2014-11-3,14:16:00,121.47273918694,31.258632534726
342,3101122201400293,2,2014-11-26,12:56:00,121.53471142009,31.065041532741
343,3101047201400086,1,2014-12-26,20:01:00,121.42436269989,31.175942499018
344,3101094201400036,1,2014-11-26,10:42:00,121.50565992256,31.2689747973
345,3101137201400121,1,2014-7-10,20:25:00,121.41391838918,31.368293609511
346,3101136201400136,2,2014-8-7,14:36:00,121.4655351774,31.344880655477
347,3101171201400149,1,2014-10-18,11:14:00,121.24235651656,31.120546435476
348,3101154201400537,1,2014-12-3,18:50:00,121.58179258833,31.334224068718
349,3101043201400045,1,2014-7-30,15:57:00,121.45455259933,31.125135569773
350,3101126201400248,2,2014-10-13,15:52:00,121.31044805805,31.207424482076
351,3101133201400204,2,2014-12-12,17:44:00,121.48517378873,31.372124221482
352,3101129201400215,2,2014-9-11,20:00:00,121.36987807493,31.121332054514
353,3101157201400370,1,2014-8-23,8:35:00,121.91923103884,30.885654617528
354,3101133201400192,2,2014-11-10,21:29:00,121.39020577282,31.30579763068
355,3101123201400222,2,2014-9-18,12:21:00,121.27507421717,31.235165258898
356,3101120201400250,1,2014-10-14,11:35:00,121.38468442155,31.180662725161
357,3101176201400151,1,2014-10-21,19:54:00,121.32341834726,30.966879506562
358,3101101201400032,1,2014-9-23,23:20:00,121.53844595816,31.321746252433
359,3101129201400300,2,2014-12-6,6:23:00,121.27778573798,31.244110073946
360,3101078201400060,1,2014-7-18,11:45:00,121.39060209713,31.254595783386
361,3101152201400403,1,2014-9-15,13:36:00,121.58821287393,31.16999637575
362,3101167201400101,1,2014-11-9,21:00:00,121.19080591909,30.856081123506
363,3102306201400114,1,2014-10-15,17:50:00,121.71307859025,31.583798873477
364,3102309201400124,1,2014-11-8,19:07:00,121.43376988544,31.631616753873
365,3101167201400132,1,2014-12-28,19:55:00,121.24163640612,30.929048650339
366,3101175201500017,2,2015-1-13,17:04:00,121.14213216568,31.04911167282
367,3101152201400579,1,2014-12-23,18:20:00,121.70186930324,31.210252137268
368,3101177201400164,1,2014-11-3,12:28:00,121.1922430552,30.941933114626
369,3101157201400565,1,2014-12-18,14:42:00,121.63727695097,31.272748069782
370,3101176201400187,2,2014-12-6,9:08:00,121.14213216568,31.04911167282
371,3101070201400091,1,2014-10-16,15:22:00,121.4200690924,31.246581806373
372,3102234201400005,1,2014-11-11,9:55:00,121.60588628565,31.345725520959
373,3101125201400299,2,2014-12-5,9:42:00,121.41081125732,31.164838239581
374,3101121201400285,2,2014-11-17,20:38:00,121.52214197007,30.989054381003
375,3101159201500040,1,2015-1-30,8:46:00,121.75896619703,31.181393531713
376,3101120201400226,1,2014-9-23,19:10:00,121.38502094296,31.00164166744
377,3101159201400410,1,2014-9-20,19:56:00,121.61092404224,31.315188632619
378,3101127201400295,2,2014-11-30,17:10:00,121.38502094296,31.00164166744
379,3101098201400028,2,2014-10-25,11:55:00,121.5195983758,31.270044785563
380,3101121201400308,2,2014-12-12,14:09:00,121.38502094296,31.00164166744
381,3101154201400465,1,2014-10-23,14:20:00,117.82824157972,37.171377591723
382,3101121201400271,2,2014-10-29,18:48:00,121.50084362792,31.306937532909
383,3101209201400186,1,2014-12-3,19:31:00,121.39034256768,30.902742802408
384,3101152201500033,1,2015-1-28,17:25:00,121.61984424559,31.251298807471
385,3101171201500006,2,2015-1-2,14:15:00,121.41312978474,30.946461703535
386,3101149201400159,1,2014-11-22,17:25:00,121.22990306743,31.271760120715
387,3101142201400155,1,2014-11-17,19:00:00,121.22866626963,31.306278559078
388,3101173201500005,2,2015-1-6,22:22:00,121.48789948569,31.249161710015
389,3101205201500002,1,2015-1-8,7:44:00,121.46449223302,30.91009124566
390,3101175201500015,2,2015-1-13,7:46:00,121.286128171,31.115674446006
391,3102305201500002,1,2015-1-9,8:15:00,121.42276988744,31.687038628821
392,3101171201400190,1,2014-12-10,7:53:00,121.29794169513,31.147217167335
393,3101159201500062,1,2015-2-24,22:25:00,121.56764557999,31.239628712103
394,3101128201400270,2,2014-10-29,18:36:00,121.36816552285,31.183237439015
395,3101179201400132,1,2014-9-18,18:34:00,121.2279521428,31.063420464936
396,3102268201400004,1,2014-10-7,17:29:00,121.46073592901,30.849947702319
397,3101158201400485,1,2014-11-3,16:10:00,121.59445549715,31.073751430166
398,3101203201400108,1,2014-9-7,6:25:00,121.48368233748,30.953523696345
399,3101145201400145,1,2014-11-3,17:14:00,121.20598616741,31.459253354901
400,3101207201400169,1,2014-10-18,16:50:00,121.51528790891,30.840050431454
401,3102306201400139,1,2014-12-8,9:05:00,121.57746468084,31.622725551125
402,3101172201500021,2,2015-1-8,7:18:00,121.31075865886,31.099250839984
403,3101120201400289,1,2014-11-24,19:05:00,121.43894086074,31.106950867134
404,3101129201500007,1,2015-1-14,4:06:00,121.38468442155,31.180662725161
405,3101170201400167,1,2014-11-5,8:20:00,121.14213216568,31.04911167282
406,3101150201400469,1,2014-10-26,15:15:00,121.86496866095,30.908914638838
407,3101179201500023,2,2015-1-14,19:50:00,121.26233344143,31.022526047762
408,3101170201500033,2,2015-1-23,21:10:00,121.20723051727,31.067098900082
409,3101128201500029,1,2015-3-2,9:46:00,121.41000130106,31.015450122866
410,3101043201400072,1,2014-11-11,12:26:00,121.44615739716,31.180079147547
411,3101203201400182,1,2014-12-2,20:15:00,121.7258778385,30.947604113482
412,3101054201500001,1,2015-1-17,22:05:00,121.38356537453,31.198248596211
413,3101130201400206,2,2014-12-14,8:55:00,121.48740129804,31.385163974754
414,3101154201400434,1,2014-10-3,9:15:00,121.68118942377,31.117616396708
415,3101127201400276,2,2014-11-9,13:29:00,121.53471142009,31.065041532741
416,3101139201400166,1,2014-10-10,8:53:00,121.39514599499,31.418886290022
417,3101131201400139,1,2014-8-15,7:28:00,121.45074644924,31.399361183592
418,3101187201400508,1,2014-11-23,11:39:00,121.31799053115,31.175389849468
419,3101120201500010,2,2015-1-25,17:03:00,121.31044805805,31.207424482076
420,3101125201400235,2,2014-9-28,7:20:00,121.52214197007,30.989054381003
421,3101123201500043,2,2015-3-20,7:35:00,121.43355946456,31.024205802897
422,3101162201400129,1,2014-12-18,10:42:00,121.20522528917,30.795031629141
423,3101051201400038,1,2014-12-4,17:41:00,121.38356537453,31.198248596211
424,3101201201400165,1,2014-11-14,11:06:00,121.47557620732,30.894830309383
425,3101130201400178,1,2014-10-26,7:15:00,121.41435126195,31.336870782445
426,3101154201400530,1,2014-11-30,17:50:00,121.59445549715,31.073751430166
427,3101207201400110,1,2014-9-8,22:00:00,121.43192210425,30.875179078551
428,3101150201400435,1,2014-10-2,22:49:00,121.28091588263,31.368645686579
429,3102308201400130,1,2014-11-23,9:25:00,121.82035847246,31.507831035025
430,3101129201400238,2,2014-9-29,21:44:00,121.41428137917,31.05715286282
431,3101129201500009,2,2015-1-20,19:32:00,121.52214197007,30.989054381003
432,3101124201400258,2,2014-10-23,10:10:00,121.52214197007,30.989054381003
433,3101153201500001,1,2015-1-1,4:17:00,121.70519761139,31.277418703727
434,3101122201400309,2,2014-12-15,15:55:00,121.38468442155,31.180662725161
435,3101205201400192,1,2014-12-14,17:30:00,121.54923180642,30.875451217665
436,3101143201400171,1,2014-12-16,18:32:00,121.23797785302,31.337205111655
437,3101204201400203,1,2014-12-29,8:05:00,121.69652232923,31.047420438166
438,3101183201500008,1,2015-1-14,17:37:00,121.10778030003,31.172602945153
439,3101209201400158,1,2014-11-8,10:30:00,121.43192210425,30.875179078551
440,3101153201400433,1,2014-10-2,20:30:00,121.6377690023,31.171630402683
441,3101154201400569,1,2014-12-21,17:50:00,121.70186930324,31.210252137268
442,3101178201500037,2,2015-1-24,12:27:00,121.26178054966,31.075595019687
443,3101156201400414,1,2014-9-22,16:15:00,121.80625788855,30.937940330446
444,3101127201400267,2,2014-10-28,13:00:00,121.39926457394,31.024352390538
445,3101062201400037,1,2014-10-14,10:02:00,121.64137552285,31.136741392579
446,3101142201400149,1,2014-11-10,14:43:00,121.28515158355,31.361848571134
447,3101202201400200,1,2014-12-25,7:00:00,121.52848753103,30.955018214554
448,3101139201400218,3,2014-12-29,7:30:00,121.42945269564,31.288795980563
449,3101137201400187,1,2014-11-1,20:53:00,121.47302403872,31.395343023417
450,3101017201400025,1,2014-9-25,22:45:00,121.48340144992,31.231127569102
451,3101090201400034,1,2014-11-23,15:52:00,121.47986982828,31.306091488467
452,3101157201400471,1,2014-10-26,15:12:00,121.61153410127,31.257135441234
453,3101148201400162,1,2014-11-30,10:58:00,121.26814908747,31.281353334847
454,3101205201400109,1,2014-9-9,5:33:00,121.59678141134,30.985723321869
455,3101132201400162,1,2014-10-5,13:55:00,121.47387511133,31.334171552791
456,3101096201400032,1,2014-11-18,10:11:00,121.4894605134,31.263453331709
457,3101157201400552,1,2014-12-10,10:55:00,121.70519761139,31.277418703727
458,3101175201400191,1,2014-12-9,15:55:00,121.18958983711,31.037639132012
459,3101065201400042,1,2014-11-1,14:45:00,121.44157850221,31.234727655511
460,3101134201400222,2,2014-12-29,17:18:00,121.48739154962,31.413218690671
461,3101153201500012,1,2015-1-8,10:50:00,121.49634747141,31.19153356106
462,3101153201500006,1,2015-1-3,15:16:00,121.66102386732,31.030185275544
463,3101017201400026,1,2014-9-27,10:35:00,121.48342111203,31.203981185437
464,3101177201400175,1,2014-11-21,12:50:00,121.07029213544,30.860954039575
465,3101088201500003,2,2015-1-13,19:22:00,121.45765266063,31.294617854291
466,3101148201400153,1,2014-11-13,19:05:00,121.26260411974,31.408599279519
467,3101208201400202,1,2014-12-27,17:30:00,121.5700979154,30.993432279029
468,3101204201400201,1,2014-12-27,7:10:00,121.52241146173,30.989054381003
469,3101054201400033,1,2014-11-14,10:48:00,121.40496275216,31.204761003361
470,3101103201400057,1,2014-11-18,14:10:00,121.54205737538,31.320844163346
471,3101131201400221,3,2014-12-29,23:28:00,121.48346420824,31.413765357238
472,3101209201400152,1,2014-11-2,18:46:00,121.59655683496,30.985723321869
473,3101161201400105,1,2014-11-10,8:10:00,121.35893266875,30.818908314705
474,3101166201400127,1,2014-12-11,17:42:00,121.16134196279,30.841568828548
475,3101089201400042,1,2014-11-7,11:07:00,121.42945269564,31.288795980563
476,3101145201400158,1,2014-11-21,17:55:00,121.28894501992,31.444097950352
477,3102219201400019,2,2014-11-14,9:17:00,121.65985163343,31.327804532322
478,3101145201400168,2,2014-12-14,6:00:00,121.22990306743,31.271760120715
479,3101045201400085,1,2014-12-19,12:18:00,121.43319961146,31.169586731582
480,3101129201500002,1,2015-1-3,6:30:00,121.39326649912,31.037115004625
481,3101174201400203,1,2014-12-26,22:50:00,121.32341834726,30.966879506562
482,3101152201400397,1,2014-9-15,14:20:00,121.71562004746,31.102010538869
483,3101136201400205,1,2014-12-12,22:46:00,121.49877562084,31.355760609932
484,3101094201400031,1,2014-11-8,8:40:00,121.4894605134,31.263453331709
485,3101170201400144,1,2014-10-7,17:06:00,121.29680773983,31.074903302914
486,3101170201400197,2,2014-12-20,9:43:00,121.29100122237,31.101728570268
487,3101150201400437,1,2014-10-5,21:45:00,121.90429797725,30.901247299173
488,3101157201400484,1,2014-11-2,18:40:00,121.58687576414,31.086765384951
489,3101136201400217,3,2014-12-29,15:00:00,121.45074644924,31.399361183592
490,3101172201400157,2,2014-10-24,7:37:00,121.26197366827,31.078744875329
491,3102239201400004,2,2014-10-28,8:33:00,121.61283740423,31.332478117465
492,3101144201400178,1,2014-12-24,21:18:00,121.31088419975,31.352054800342
493,3101178201500027,2,2015-1-19,15:45:00,121.27416680464,31.024523734755
494,3101124201400247,2,2014-10-13,11:11:00,121.36987807493,31.121332054514
495,3101125201400262,1,2014-10-24,20:15:00,121.41376719538,31.142218076929
496,3101179201400159,1,2014-10-28,8:45:00,121.34881972498,31.020412597207
497,3102303201500003,1,2015-1-10,18:00:00,121.68763852431,31.59348019011
498,3101182201400547,1,2014-12-22,16:55:00,120.99389830081,31.055322822518
499,3101140201500001,1,2015-1-1,23:35:00,121.33646178818,31.263954526723
500,3101129201500025,1,2015-2-24,16:22:00,121.32632459824,31.230258400383
501,3101167201400096,1,2014-10-24,20:32:00,121.19080591909,30.856081123506
502,3101172201500002,1,2015-1-2,6:08:00,121.25176062991,31.031618466141
503,3101124201500001,1,2015-1-1,19:30:00,121.38468442155,31.180662725161
504,3101136201400164,1,2014-10-9,13:19:00,121.41745980505,31.308664877684
505,3101186201500060,2,2015-3-11,8:45:00,121.13295310661,31.143295660667
506,3101146201500034,1,2015-3-26,8:43:00,121.2537554763,31.408710678862
507,3101183201500025,1,2015-2-2,7:20:00,121.2905527667,31.187183666873
508,3101173201500104,2,2015-4-16,19:48:00,121.25472819744,31.022725318421
509,3101175201500004,1,2015-1-5,19:15:00,121.3362593173,31.110831514626
510,3101186201500014,1,2015-1-24,14:23:00,120.99389830081,31.055322822518
511,3101144201400166,1,2014-12-11,19:55:00,121.27301746765,31.313423043537
512,3101153201500027,1,2015-1-22,12:56:00,121.64921727631,31.033430979487
513,3101122201500003,1,2015-1-7,22:30:00,121.33425004862,31.224837868868
514,3101179201500008,2,2015-1-1,11:33:00,121.25394294188,31.116747989293
515,3101151201500069,1,2015-3-3,14:24:00,121.66757635744,31.308192384749
516,3101155201400506,1,2014-11-17,20:41:00,121.65047185248,31.263205790853
517,3101153201400491,1,2014-11-6,11:07:00,121.50198196516,31.180001007852
518,3101091201400029,1,2014-10-29,17:00:00,121.50613268817,31.256447787377
519,3101016201400030,1,2014-11-10,18:10:00,121.50108643092,31.236194348466
520,3101075201400105,1,2014-12-26,20:28:00,121.4200690924,31.246581806373
521,3101143201500021,1,2015-2-22,23:50:00,121.25634659902,31.37945945003
522,3101138201400154,1,2014-9-21,7:43:00,121.45074644924,31.399361183592
523,3101179201500007,2,2015-1-4,1:05:00,121.48789948569,31.249161710015
524,3101156201400570,1,2014-12-19,12:25:00,121.74798353452,31.054730682455
525,3101162201400135,1,2014-12-30,14:40:00,121.27295656254,30.752660044154
526,3101096201500001,2,2015-1-18,12:50:00,121.50319991741,31.267570685699
527,3101147201400180,1,2014-12-27,9:20:00,121.27040753801,31.380114168538
528,3101142201500014,1,2015-2-7,1:18:00,121.26405486787,31.372932522901
529,3101135201400169,1,2014-10-12,16:26:00,121.37245662047,31.452702651312
530,3101131201400203,1,2014-12-7,12:50:00,121.47542755213,31.372113849306
531,3101123201400268,2,2014-10-29,13:35:00,121.27507421717,31.235165258898
532,3101124201400259,1,2014-10-24,10:15:00,121.43355946456,31.024205802897
533,3101178201500016,2,2015-1-13,11:45:00,121.14213216568,31.04911167282
534,3101121201400306,2,2014-12-12,8:50:00,121.41282744206,31.113703638173
535,3103014201400007,2,2014-9-15,7:20:00,121.48774119977,31.19475602515
536,3101174201400153,2,2014-10-24,17:37:00,121.27826706804,31.057356593791
537,3101152201400517,1,2014-11-22,10:30:00,121.71562004746,31.102010538869
538,3101059201400035,1,2014-11-25,6:03:00,121.35474112763,31.216145760106
539,3101153201400535,1,2014-12-4,6:09:00,121.58992812721,31.344431667714
540,3101172201500042,1,2015-2-12,5:55:00,121.20517128933,31.022583706731
541,3101120201400245,1,2014-10-10,9:40:00,121.37261971502,31.024839538314
542,3101157201400402,1,2014-9-16,10:48:00,121.56871012142,31.252065326929
543,3101168201500002,1,2015-1-7,7:45:00,121.33518265772,30.790854977816
544,3101140201400175,1,2014-12-22,6:40:00,121.25634659902,31.37945945003
545,3101155201400513,1,2014-11-20,23:20:00,121.60654252387,31.309714037745
546,3101154201400426,1,2014-9-29,10:23:00,121.82803913818,30.885841107168
547,3101150201500030,1,2015-1-24,10:10:00,121.64744700181,31.043728831207
548,3101139201500054,2,2015-3-20,22:20:00,121.42945269564,31.288795980563
549,3101132201400198,1,2014-11-19,9:52:00,121.35832587326,31.466660482427
550,3101147201500005,1,2015-1-14,17:30:00,121.25621058209,31.445409164648
551,3101206201400173,1,2014-11-24,15:40:00,121.57611055265,30.930233742508
552,3101148201400181,1,2014-12-28,17:36:00,121.29752226551,31.432606692029
553,3101133201500045,2,2015-3-3,15:20:00,121.46576970251,31.3865431053
554,3101156201400497,1,2014-11-10,23:50:00,121.58122391782,31.174695361261
555,3101139201400191,1,2014-11-8,18:33:00,121.31858442787,31.505253972926
556,3101141201500013,1,2015-2-4,14:45:00,121.48517133186,31.367353327399
557,3101176201500001,1,2015-1-1,17:38:00,121.32341834726,30.966879506562
558,3101179201500025,2,2015-1-18,12:23:00,121.26878319953,31.035166099497
559,3101154201400449,1,2014-10-14,0:43:00,121.48789948569,31.249161710015
560,3101122201400261,1,2014-10-25,4:57:00,121.34848343353,31.172391216909
561,3101156201400525,1,2014-11-29,15:17:00,121.68319812472,31.276267606886
562,3101139201400216,2,2014-12-29,16:30:00,121.49074716716,31.340838176528
563,3101138201400220,2,2014-12-29,20:50:00,121.50998410388,31.394398927354
564,3101145201400179,1,2014-12-25,16:45:00,121.298841349,31.339927524535
565,3101171201500012,2,2015-1-14,0:05:00,121.29708370377,31.029380186035
566,3101132201400226,1,2014-12-31,5:21:00,121.35604451413,31.466153227722
567,3101182201500016,1,2015-1-26,10:15:00,121.240475746,31.225519630827
568,3101055201400039,1,2014-12-27,20:06:00,121.41793816261,31.223180712749
569,3101072201400093,1,2014-10-30,20:38:00,121.42836544684,31.265963582008
570,3101137201400176,1,2014-10-24,21:25:00,121.34235380187,31.443473875194
571,3101150201500022,1,2015-1-15,16:42:00,121.64009642474,31.188898268293
572,3101174201500035,2,2015-1-24,14:57:00,121.29673689946,31.123308657121
573,3101157201400527,1,2014-11-30,11:40:00,121.86496866095,30.908914638838
574,3101126201400264,2,2014-10-26,9:45:00,121.53056078511,31.098369713669
575,3101178201400176,1,2014-11-21,20:15:00,121.36516724585,31.105826381801
576,3101130201400212,1,2014-12-22,14:06:00,121.47387511133,31.334171552791
577,3101205201400114,1,2014-9-17,11:10:00,121.56092145692,30.937255157441
578,3101202201400126,1,2014-10-4,14:10:00,121.61748807828,30.899957102179
579,3101051201400031,1,2014-10-29,18:09:00,121.44425782954,31.218154699204
580,3101141201400177,1,2014-12-24,20:45:00,121.25421536291,31.395837049304
581,3101159201400555,1,2014-12-12,6:12:00,121.68319812472,31.276267606886
582,3102303201400149,1,2014-12-26,6:00:00,121.56120125933,31.579714291913
583,3102301201400111,2,2014-10-6,19:10:00,121.64398064387,31.568437266314
584,3101158201400456,1,2014-10-18,16:25:00,121.77668608258,30.986106921243
585,3101151201400521,1,2014-11-26,15:42:00,121.58764490859,31.160928568065
586,3101154201500002,1,2015-1-1,3:05:00,121.71361704805,31.20709439941
587,3101184201400531,1,2014-12-13,2:14:00,121.14083411422,31.150281849443
588,3101178201500020,2,2015-1-14,16:58:00,121.27416680464,31.024523734755
589,3101173201500055,1,2015-3-16,7:14:00,121.26878319953,31.035166099497
590,3101139201400173,2,2014-10-19,16:00:00,121.48740129804,31.385163974754
591,3101122201500005,1,2015-1-7,21:00:00,121.41376719538,31.142218076929
592,3101013201400024,2,2014-9-11,16:05:00,121.49022908383,31.242866642007
593,3101135201400194,1,2014-11-14,11:14:00,121.35174437775,31.484403882952
594,3101136201400188,1,2014-11-5,11:36:00,121.42796730346,31.296451835208
595,3101173201500019,2,2015-1-13,18:30:00,121.27826706804,31.057356593791
596,3101175201400204,2,2014-12-30,14:50:00,121.20826036346,31.066377021386
597,3101170201400189,2,2014-12-9,6:24:00,121.25814314715,31.111176038808
598,3101158201500010,1,2015-1-6,18:02:00,121.70186930324,31.210252137268
599,3101141201400167,1,2014-12-13,7:55:00,121.34465748568,31.24802089948
600,3101081201400036,2,2014-9-26,5:35:00,121.45765266063,31.294617854291
601,3101201201400177,1,2014-11-30,20:37:00,121.59682632661,30.985723321869
602,3101150201400578,1,2014-12-24,13:42:00,121.66564973018,31.220602364299
603,3101127201400254,1,2014-10-19,23:49:00,121.27453998859,31.220939783724
604,3101073201500002,1,2015-1-15,0:45:00,121.37177940771,31.287175348079
605,3101209201400195,1,2014-12-18,18:20:00,121.6117892407,30.944954826666
606,3101185201400520,1,2014-12-5,5:30:00,121.10836464327,31.26325941637
607,3101153201400564,1,2014-12-20,10:50:00,121.86496866095,30.908914638838
608,3101140201400148,1,2014-11-8,17:15:00,121.16972540345,31.304528477948
609,3101154201400442,1,2014-10-9,20:09:00,121.5555400329,31.357712231187
610,3101163201400117,1,2014-12-1,9:35:00,121.35893266875,30.818908314705
611,3101157201400457,1,2014-10-19,22:23:00,121.52214197007,30.989054381003
612,3101129201500050,2,2015-3-29,22:47:00,121.40316343724,31.165939946502
613,3101132201500017,2,2015-1-19,8:25:00,121.39604181669,31.352144217638
614,3101138201400144,1,2014-8-27,6:32:00,121.47387511133,31.334171552791
615,3101170201400205,1,2014-12-15,15:43:00,121.26878319953,31.035166099497
616,3101174201400180,1,2014-12-1,23:34:00,121.2788269612,31.087417844386
617,3101154201500013,1,2015-1-8,20:30:00,121.48865736988,31.168069641565
618,3101127201500014,2,2015-1-27,22:30:00,121.41293276389,31.02056316021
619,3101179201500014,2,2015-1-13,7:05:00,121.27416680464,31.024523734755
620,3101148201400169,1,2014-12-15,16:34:00,121.32750696862,31.295877977302
621,3101090201400035,1,2014-11-22,18:50:00,121.52249516763,31.263615506563
622,3101139201400208,1,2014-12-14,14:41:00,121.42945269564,31.288795980563
623,3101189201500009,1,2015-1-16,14:00:00,121.08176057102,31.061127969536
624,3101129201500004,1,2015-1-8,7:25:00,121.43894086074,31.106950867134
625,3101137201400211,1,2014-12-21,8:30:00,121.48819660743,31.262452833682
626,3101154201400520,1,2014-11-23,9:15:00,121.7086249173,31.01793566948
627,3101094201400037,1,2014-12-13,1:07:00,121.48525196287,31.295504298278
628,3101148201400164,1,2014-12-4,4:10:00,121.16985284516,31.297430341004
629,3101127201400290,1,2014-11-24,18:52:00,121.40256481364,31.033274400078
630,3101169201400119,1,2014-12-2,6:29:00,121.31110155824,30.801830215806
631,3102302201400125,1,2014-11-8,7:00:00,121.67790601293,31.615287971635
632,3101205201400156,1,2014-11-5,7:12:00,121.46449223302,30.91009124566
633,3101158201500085,1,2015-3-17,9:08:00,121.54027131406,31.375944177685
634,3101134201400214,3,2014-12-26,8:10:00,121.49901328733,31.379145417305
635,3101180201400504,1,2014-11-20,21:30:00,121.226133464,31.181060549011
636,3101134201400215,1,2014-12-29,13:58:00,121.3446881206,31.38416979434
637,3101148201400154,1,2014-11-14,6:47:00,121.16448054882,31.36903871291
638,3101157201400528,1,2014-11-30,22:30:00,121.53047886594,31.236379902815
639,3101149201400174,2,2014-12-20,17:39:00,121.21732566112,31.429180650846
640,3101159201400563,1,2014-12-20,5:50:00,121.75721777111,31.001043202692
641,3101131201400193,2,2014-11-14,7:20:00,121.298841349,31.339927524535
642,3101137201500026,1,2015-2-7,12:13:00,121.5516330552,31.326931272967
643,3101142201400128,1,2014-9-23,16:55:00,121.19403986474,31.308975873432
644,3101179201400186,2,2014-12-4,5:30:00,121.32223817594,31.11778019385
645,3101138201400225,3,2014-12-30,9:40:00,121.34287028711,31.42179094487
646,3101155201500055,1,2015-2-12,9:43:00,121.6371293944,31.084888556095
647,3101153201500041,1,2015-1-30,13:04:00,121.62644740014,31.186470740366
648,3101200201500019,1,2015-2-23,13:10:00,121.7258778385,30.947604113482
649,3101128201500051,1,2015-3-30,11:40:00,121.46288401284,31.132169062864
650,3101129201500044,2,2015-3-23,6:30:00,121.40710210267,30.988381308803
651,3101101201500001,1,2015-1-7,17:40:00,121.50657464191,31.292840298282
652,3101201201500018,1,2015-2-15,6:03:00,121.76130935598,30.902817674428
653,3101155201500136,1,2015-4-25,11:40:00,121.58992812721,31.344431667714
654,3101094201500005,2,2015-2-28,6:11:00,121.5195983758,31.270044785563
655,3101155201500071,1,2015-3-1,19:15:00,121.56814907034,31.219855940744
656,3101151201500037,1,2015-1-29,22:30:00,121.76946215401,31.002490885793
657,3101201201500027,1,2015-3-11,9:20:00,121.54923180642,30.875451217665
658,3101123201500012,2,2015-1-26,13:43:00,121.40710210267,30.988381308803
659,3101134201400151,1,2014-9-15,6:00:00,121.47542755213,31.372113849306
660,3101179201500107,3,2015-4-29,16:39:00,121.3022030301,31.053173555995
661,3101158201500023,1,2015-1-16,20:43:00,121.80921384817,30.922367619517
662,3101041201500013,1,2015-4-12,18:30:00,121.45862188916,31.192198913909
663,3101121201500046,2,2015-3-23,18:10:00,121.2102098508,31.197754092831
664,3101137201500042,2,2015-2-28,13:00:00,121.38593617973,31.447176439003
665,3101175201500075,2,2015-4-1,19:39:00,121.29403679342,31.080731583956
666,3101132201500034,2,2015-2-10,14:10:00,121.38654539526,31.301050845346
667,3101140201500043,1,2015-4-14,13:30:00,121.48789948569,31.249161710015
668,3101153201500090,1,2015-3-22,18:53:00,121.58992812721,31.344431667714
669,3101179201500052,2,2015-3-1,13:30:00,121.17977984687,31.104266029752
670,3101157201500108,1,2015-4-1,20:14:00,121.53047886594,31.236379902815
671,3101120201500064,2,2015-4-22,15:10:00,121.31044805805,31.207424482076
672,3101131201500009,2,2015-1-15,22:02:00,121.44385319052,31.330174835005
673,3101157201500120,1,2015-4-12,11:15:00,121.78910180738,30.948670602355
674,3101086201500013,1,2015-3-21,13:41:00,121.44118539204,31.332232125057
675,3101176201500102,2,2015-4-19,21:56:00,121.32339013418,31.088979970326
676,3101180201500051,1,2015-3-1,20:25:00,120.99389830081,31.055322822518
677,3101182201500059,1,2015-3-12,20:17:00,121.13837806431,31.163992291177
678,3101150201500102,1,2015-3-27,14:35:00,121.46288401284,31.132169062864
679,3101079201500020,1,2015-2-28,5:19:00,121.40312661031,31.247586855505
680,3101090201500014,2,2015-4-17,22:01:00,121.48851471717,31.265596996892
681,3101123201500041,2,2015-3-18,14:16:00,121.39926457394,31.024352390538
682,3101139201500027,1,2015-2-7,14:35:00,121.50949592065,31.382509904733
683,3101125201500033,2,2015-3-14,20:52:00,121.43894086074,31.106950867134
684,3101174201500079,1,2015-4-3,21:45:00,121.21317659099,31.045066673201
685,3101141201500019,1,2015-2-14,16:20:00,121.32251187974,31.342150033555
686,3101158201500064,1,2015-2-25,9:25:00,121.90602777859,30.903896704317
687,3101177201500029,2,2015-1-23,12:32:00,121.27708752733,31.002733014231
688,3101088201500010,2,2015-2-16,19:00:00,121.47273918694,31.258632534726
689,3101083201400044,2,2014-12-24,20:05:00,121.48416823093,31.263809171137
690,3101134201500093,2,2015-4-26,11:50:00,121.37245662047,31.452702651312
691,3101176201500063,3,2015-3-23,11:45:00,121.2496689426,30.955457245712
692,3101158201500113,1,2015-4-6,7:41:00,121.52085413504,31.222625108725
693,3101120201500040,2,2015-3-18,22:06:00,121.53471142009,31.065041532741
694,3101134201500063,2,2015-4-1,7:15:00,121.39020577282,31.30579763068
695,3101124201500042,2,2015-3-20,5:45:00,121.39588519892,31.078446267646
696,3101142201500023,1,2015-3-6,16:50:00,121.3168450434,31.399526807016
697,3101176201500074,2,2015-3-30,12:32:00,121.25624908346,31.115554022636
698,3101121201500037,1,2015-3-18,5:22:00,121.41376719538,31.142218076929
699,3103017201500001,3,2015-4-28,22:50:00,121.29308405958,31.114777386686
700,3101171201500066,2,2015-3-16,18:34:00,121.23909341461,31.057965280092
701,3101153201500043,1,2015-2-3,10:06:00,121.62338108818,31.204180016035
702,3101170201500054,2,2015-3-12,19:20:00,121.26878319953,31.035166099497
703,3101202201400188,1,2014-12-8,16:30:00,121.51043055094,30.996829213284
704,3101204201400197,2,2014-12-20,23:23:00,121.64996720421,30.921263575273
705,3101159201500056,1,2015-2-12,9:20:00,121.63123874075,31.322774583562
706,3101146201500041,1,2015-4-6,18:45:00,121.25404475313,31.385042530429
707,3101200201400205,1,2014-12-30,3:45:00,121.11725349487,31.146155547968
708,3102307201400150,1,2014-12-25,11:57:00,121.43482307769,31.635527791683
709,3101150201500017,1,2015-1-14,4:40:00,121.61984424559,31.251298807471
710,3101132201500084,2,2015-4-16,13:30:00,121.42945269564,31.288795980563
711,3101177201500041,1,2015-2-8,23:00:00,121.12949748251,30.993887288567
712,3101156201500132,1,2015-4-22,1:19:00,121.77158461188,31.155383810299
713,3101185201500027,1,2015-2-2,19:20:00,121.12572215328,31.194109256781
714,3101142201500038,1,2015-4-2,10:16:00,121.18240056337,31.35853556089
715,3101133201400219,3,2014-12-29,20:00:00,121.48789948569,31.249161710015
716,3101151201500005,1,2015-1-3,13:41:00,121.61092404224,31.315188632619
717,3101134201500024,2,2015-2-5,9:20:00,121.37245662047,31.452702651312
718,3101159201500079,1,2015-3-11,19:12:00,121.61092404224,31.315188632619
719,3101201201500046,1,2015-4-15,6:33:00,121.54923180642,30.875451217665
720,3101132201500035,3,2015-2-10,20:30:00,121.4897921139,31.408212726034
721,3101155201500146,1,2015-4-29,15:00:00,121.59505392852,31.337690362703
722,3101077201500024,1,2015-3-9,1:36:00,121.42893052681,31.25860325606
723,3101179201500049,2,2015-3-5,13:35:00,121.20517128933,31.022583706731
724,3101084201500016,1,2015-4-13,10:10:00,121.44694099534,31.262035092774
725,3101041201500003,1,2015-1-28,13:30:00,121.43641063146,31.207965681863
726,3101154201500111,1,2015-4-4,14:15:00,121.52533299379,31.180603304636
727,3101174201500053,2,2015-3-11,20:45:00,121.1922430552,30.941933114626
728,3101137201500041,2,2015-2-26,7:45:00,121.41776765973,31.284600333315
729,3101137201500012,3,2015-1-20,21:45:00,121.42034951194,31.398090908842
730,3101147201500017,1,2015-2-12,23:20:00,121.30071100214,31.42332615326
731,3101155201500067,1,2015-3-1,15:20:00,121.71562004746,31.102010538869
732,3101143201500028,1,2015-3-15,19:10:00,121.2889232432,31.379199350521
733,3101120201500047,1,2015-3-24,17:16:00,121.43894086074,31.106950867134
734,3101181201500053,1,2015-3-4,21:15:00,121.12066001938,31.205811688266
735,3101133201500046,2,2015-3-3,16:54:00,121.47302403872,31.395343023417
736,3101154201500130,1,2015-4-19,14:21:00,121.67187604736,31.267373353843
737,3101179201500070,2,2015-3-20,18:30:00,121.33027950503,31.05630076603
738,3101041201500001,1,2015-1-7,21:08:00,121.45862188916,31.192198913909
739,3101156201500019,1,2015-1-13,19:25:00,121.68118942377,31.117616396708
740,3101131201500074,1,2015-4-7,18:47:00,121.41300215439,31.282709479062
741,3101130201400196,1,2014-11-18,15:34:00,121.43764509097,31.356891269541
742,3101157201400586,1,2014-12-30,19:15:00,121.75277086959,31.153250989437
743,3101087201500019,2,2015-4-27,8:49:00,121.48892741938,31.253833913881
744,3101155201500070,1,2015-3-3,22:30:00,121.51461396419,31.242120663502
745,3101179201500090,3,2015-4-15,13:00:00,121.30012624837,31.010952048358
746,3101146201500024,1,2015-3-11,11:05:00,121.48789948569,31.249161710015
747,3101200201400204,1,2014-12-29,14:14:00,121.5700979154,30.993432279029
748,3102306201500023,1,2015-3-5,9:50:00,121.30412814641,31.8236758984
749,3101139201400213,1,2014-12-26,12:53:00,121.34287028711,31.42179094487
750,3101126201500019,2,2015-2-7,13:04:00,121.36605285651,31.157643683796
751,3101012201500011,2,2015-4-19,23:13:00,121.47258074292,31.206376510787
752,3101173201500106,2,2015-4-27,17:50:00,121.25059384873,31.060910975816
753,3101162201500024,1,2015-3-22,16:10:00,121.24163640612,30.929048650339
754,3101073201500003,1,2015-1-17,13:21:00,121.39595273712,31.265527736622
755,3101146201500029,1,2015-3-15,18:10:00,121.33785498277,31.407275947492
756,3101134201500064,1,2015-4-2,9:00:00,121.44176936159,31.296318969488
757,3101099201500002,2,2015-1-29,21:23:00,121.49455817888,31.303601010674
758,3101208201500006,1,2015-1-22,20:20:00,121.54923180642,30.875451217665
759,3101174201400198,2,2014-12-24,11:13:00,121.28915447422,30.992536145533
760,3101153201500075,1,2015-3-8,17:50:00,121.51394110641,31.101384746455
761,3101135201500094,1,2015-4-26,10:45:00,121.43722774542,31.322658504261
762,3101171201500096,2,2015-4-18,20:57:00,121.27407526371,31.111878397037
763,3101145201500039,2,2015-4-3,19:30:00,121.26260411974,31.408599279519
764,3101129201500045,2,2015-3-22,18:45:00,121.40496275216,31.204761003361
765,3101129201500016,2,2015-1-29,20:51:00,121.35387816235,31.176963359411
766,3101131201500073,1,2015-4-7,20:15:00,121.48184812968,31.40813475969
767,3101172201500082,1,2015-4-1,8:33:00,121.26878319953,31.035166099497
768,3101159201500057,1,2015-2-15,4:45:00,121.74181840003,31.072753125437
769,3101184201500065,1,2015-3-17,18:07:00,121.10836464327,31.26325941637
770,3101158201500112,1,2015-4-4,21:35:00,121.58516477062,31.246176942578
771,3101134201500030,1,2015-2-10,8:42:00,121.47337810674,31.371452615867
772,3101136201500011,1,2015-1-20,18:46:00,121.49478341102,31.332515411687
773,3101139201500022,2,2015-2-4,10:35:00,121.35853273325,31.318649390098
774,3101065201500016,1,2015-1-30,15:25:00,121.46544692337,31.228872573291
775,3101156201500107,1,2015-3-31,16:10:00,121.70519761139,31.277418703727
776,3101171201500065,1,2015-3-25,17:40:00,121.31075865886,31.099250839984
777,3101138201500061,1,2015-3-31,14:02:00,121.46795240074,31.406802175357
778,3101157201500050,1,2015-2-9,21:17:00,121.89165910977,30.96166671443
779,3101089201500004,2,2015-1-14,14:59:00,121.48262354699,31.249750179196
780,3101139201500057,2,2015-3-26,7:00:00,121.43202978682,31.349799883771
781,3101186201500072,2,2015-3-22,14:10:00,121.226133464,31.181060549011
782,3101135201500053,2,2015-3-20,17:51:00,121.37245662047,31.452702651312
783,3101126201500054,2,2015-4-2,17:05:00,121.39249801582,31.146392052073
784,3101177201500088,2,2015-4-13,20:54:00,121.31075865886,31.099250839984
785,3101135201500062,1,2015-3-31,14:24:00,121.38593617973,31.447176439003
786,3101099201500003,2,2015-1-30,21:30:00,121.50988741207,31.28230655771
787,3101159201500138,1,2015-4-26,18:35:00,121.5557583948,31.24397355525
788,3101125201500073,2,2015-4-28,22:05:00,121.31044805805,31.207424482076
789,3101204201500034,1,2015-3-25,7:25:00,121.54923180642,30.875451217665
790,3101148201500027,1,2015-3-12,18:22:00,121.26814908747,31.281353334847
791,3101133201500050,2,2015-3-13,20:14:00,121.42945269564,31.288795980563
792,3101133201500068,2,2015-4-3,8:10:00,121.49411468545,31.374843902914
793,3101083201500001,2,2015-1-5,5:42:00,121.44709709119,31.327694038668
794,3101177201500069,1,2015-3-29,8:32:00,121.1922430552,30.941933114626
795,3101154201500031,1,2015-1-24,21:59:00,121.67837296291,31.242158023862
796,3101151201500047,1,2015-2-6,18:58:00,121.7651819681,31.232168335129
797,3101188201500045,1,2015-2-20,16:50:00,121.01779076333,31.03875174591
798,3101123201500036,2,2015-3-16,14:05:00,121.41081125732,31.164838239581
799,3101155201500008,1,2015-1-5,5:46:00,121.80625788855,30.937940330446
800,3101151201500117,1,2015-4-9,7:46:00,121.77028927869,31.061623175504
801,3101127201500049,2,2015-3-24,20:16:00,121.41376719538,31.142218076929
802,3102306201500019,1,2015-2-26,8:30:00,121.77129693493,31.541216479587
803,3101150201500058,1,2015-2-15,4:20:00,121.80625788855,30.937940330446
804,3101175201500061,2,2015-3-10,19:10:00,121.26621870618,31.097799089858
805,3101204201400191,1,2014-12-13,8:13:00,121.56093942303,30.937255157441
806,3101122201500063,1,2015-4-23,8:52:00,121.36516724585,31.105826381801
807,3101206201500047,1,2015-4-18,2:50:00,121.52877582332,30.954533177638
808,3101139201500038,1,2015-2-13,7:38:00,121.35320805878,31.307286823324
809,3101122201500030,1,2015-3-9,8:08:00,121.39926457394,31.024352390538
810,3101105201500004,1,2015-1-25,22:05:00,121.53840298143,31.287692138235
811,3101153201500052,1,2015-2-11,10:42:00,121.67668931201,31.197677068142
812,3101017201500005,1,2015-3-13,20:25:00,121.48417362885,31.191994763546
813,3101153201500048,1,2015-2-7,11:12:00,121.58992812721,31.344431667714
814,3101099201500004,1,2015-2-2,6:00:00,121.5131922475,31.271454724523
815,3101152201500077,1,2015-3-10,10:17:00,121.59505392852,31.337690362703
816,3101173201500028,2,2015-1-17,17:16:00,121.286128171,31.115674446006
817,3101121201500059,2,2015-4-15,17:58:00,121.42181747609,31.079559304773
818,3101189201500085,1,2015-4-2,6:08:00,121.226133464,31.181060549011
819,3101171201500057,2,2015-3-16,19:12:00,121.2907700174,31.153679452947
820,3101171201500039,1,2015-2-1,19:30:00,121.31075865886,31.099250839984
821,3101120201500061,1,2015-4-20,9:46:00,121.52214197007,30.989054381003
822,3101176201500051,2,2015-3-5,17:21:00,121.4259795465,31.130547457234
823,3102305201500013,1,2015-2-9,8:32:00,121.77384696197,31.524645194877
824,3101174201500062,2,2015-3-20,7:44:00,121.25394294188,31.116747989293
825,3101156201500073,1,2015-3-8,8:45:00,121.68319812472,31.276267606886
826,3101124201500070,2,2015-4-28,6:38:00,121.51394110641,31.101384746455
827,3101139201400181,1,2014-10-27,14:33:00,121.4897921139,31.408212726034
828,3101157201500029,1,2015-1-24,6:50:00,121.52247761205,31.140994715006
829,3101175201500080,2,2015-3-30,0:15:00,121.52808727035,31.279700021945
830,3101171201500093,2,2015-4-15,8:59:00,121.29100122237,31.101728570268
831,3101124201500069,2,2015-4-27,8:02:00,121.38951870385,31.005644202424
832,3101138201500049,2,2015-3-12,19:10:00,121.34287028711,31.42179094487
833,3101048201500010,2,2015-3-26,5:01:00,121.41081125732,31.164838239581
834,3101177201500046,2,2015-3-2,17:27:00,121.30085746995,31.001856825461
835,3101138201500077,1,2015-4-10,21:00:00,121.38654539526,31.301050845346
836,3101135201500029,2,2015-2-5,21:00:00,121.43615962963,31.419788997084
837,3101010201500001,1,2015-1-11,17:23:00,121.48340144992,31.231127569102
838,3101142201500031,1,2015-3-17,10:29:00,121.22284618595,31.268776681103
839,3101134201500069,1,2015-4-4,10:30:00,121.48184812968,31.40813475969
840,3101172201500003,2,2015-1-5,21:00:00,121.27857453915,30.953577648841
841,3101157201500089,1,2015-3-21,21:37:00,121.58957244674,31.331799627296
842,3101130201500028,3,2015-2-9,5:36:00,121.49058377078,31.394903900834
843,3101152201500020,1,2015-1-14,7:08:00,121.59505392852,31.337690362703
844,3101154201500014,1,2015-1-9,20:38:00,121.77668608258,30.986106921243
845,3101149201500018,2,2015-2-14,13:50:00,121.33043230141,31.251438988322
846,3102306201500020,1,2015-2-26,18:47:00,121.72935983684,31.394660676824
847,3101086201500006,2,2015-1-27,23:35:00,121.47441343797,31.25107318478
848,3101138201400207,1,2014-12-14,20:17:00,121.47542755213,31.372113849306
849,3101202201500020,1,2015-2-27,7:30:00,121.52241146173,30.989054381003
850,3101154201500003,1,2015-1-1,10:13:00,121.64921727631,31.033430979487
851,3101129201500066,2,2015-4-23,16:52:00,121.37261971502,31.024839538314
852,3101173201500067,1,2015-3-27,20:32:00,121.29673689946,31.123308657121
853,3101152201500059,1,2015-2-18,19:00:00,121.61732267238,31.01485177971
854,3101044201500014,2,2015-4-16,12:01:00,121.42071567474,31.160927265036
855,3101205201500029,1,2015-3-12,18:50:00,121.44846294945,30.971983091198
856,3101086201500012,2,2015-3-17,15:26:00,121.45765266063,31.294617854291
857,3101081201500015,1,2015-4-12,2:14:00,121.45765266063,31.294617854291
858,3101096201400039,1,2014-12-19,5:30:00,121.50988741207,31.28230655771
859,3101179201500026,3,2015-1-19,7:30:00,121.27416680464,31.024523734755
860,3102307201500009,1,2015-2-5,15:00:00,121.74978607526,31.567880075412
861,3101155201500065,1,2015-2-28,9:57:00,121.56178450933,31.261075590096
862,3101203201400196,1,2014-12-19,20:11:00,121.49478721624,30.847363853184
863,3101133201500048,1,2015-3-8,9:00:00,121.52020027732,31.352688986339
864,3101175201500036,1,2015-1-28,23:40:00,121.21585621207,31.003973998226
865,3101179201500081,1,2015-4-6,18:18:00,121.2279521428,31.063420464936
866,3101170201500084,1,2015-4-6,19:15:00,121.1922430552,30.941933114626
867,3101184201500002,1,2015-1-10,7:42:00,120.93532000961,31.130340716461
868,3101179201500071,2,2015-3-31,11:40:00,121.27416680464,31.024523734755
869,3101013201500006,1,2015-3-28,18:13:00,121.47123808699,31.22086188007
870,3101175201500092,2,2015-4-16,9:35:00,121.21805648745,31.047123502082
871,3101070201500008,1,2015-1-26,16:20:00,121.42982474234,31.270954510042
872,3102307201500033,1,2015-3-25,17:00:00,121.7700975758,31.584793090605
873,3101121201500038,2,2015-3-18,8:23:00,121.33174135082,31.197646780631
874,3101209201500025,1,2015-3-8,18:05:00,121.77711726923,30.986106921243
875,3101151201500053,1,2015-2-11,18:20:00,121.60658743915,31.309714037745
876,3101156201500028,1,2015-1-22,19:09:00,121.28479023926,31.822783466098
877,3101169201500019,1,2015-3-12,6:20:00,121.19080591909,30.856081123506
878,3101184201500077,1,2015-3-28,11:55:00,121.06734788523,31.003170744344
879,3102213201500003,2,2015-3-27,11:11:00,121.65985163343,31.327804532322
880,3101124201500052,2,2015-3-31,7:07:00,121.31044805805,31.207424482076
881,3101143201500003,1,2015-1-12,10:59:00,121.25152500977,31.351889449337
882,3101135201500013,1,2015-1-20,19:04:00,121.38641646955,31.423061074741
883,3101173201500050,2,2015-3-7,13:24:00,121.34084795617,31.082162724642
884,3101083201500011,1,2015-3-15,20:25:00,121.46733787533,31.297320831467
885,3101096201500013,2,2015-4-17,9:20:00,121.5195983758,31.270044785563
886,3101203201500004,1,2015-1-14,11:15:00,121.59683530967,30.985723321869
887,3101085201500008,2,2015-2-8,9:28:00,121.47273918694,31.258632534726
888,3101153201500088,1,2015-3-20,16:20:00,121.58957244674,31.331799627296
889,3101209201500005,1,2015-1-22,15:05:00,121.36828035414,30.89875196109
890,3101134201500047,2,2015-3-12,13:57:00,121.38053687045,31.323273254063
891,3101149201500025,1,2015-3-12,6:42:00,103.91201515484,35.531078701642
892,3101134201500023,1,2015-2-5,15:30:00,121.38641646955,31.423061074741
893,3101173201500072,2,2015-3-29,10:17:00,121.29100122237,31.101728570268
894,3101203201500003,1,2015-1-5,19:51:00,121.51708965824,30.935474397402
895,3101174201500073,2,2015-3-26,16:26:00,121.38405393145,30.823374428181
896,3101135201500052,2,2015-3-20,10:55:00,121.48740129804,31.385163974754
897,3101137201500018,2,2015-1-14,7:30:00,121.38298941068,31.36514667558
898,3101164201500011,1,2015-1-28,18:00:00,121.33518265772,30.790854977816
899,3101076201500009,1,2015-1-29,5:50:00,121.42836544684,31.265963582008
900,3101174201500103,2,2015-4-10,10:13:00,121.34022533613,31.016856420109
901,3101045201500004,2,2015-2-4,0:40:00,121.44967779267,31.206668422752
902,3101129201500039,2,2015-3-18,0:40:00,121.5354254526,31.025789290729
903,3101176201500056,2,2015-3-11,19:28:00,121.24235651656,31.120546435476
904,3101171201500105,1,2015-4-27,19:11:00,121.31427834471,31.045899487402
905,3101203201400206,1,2014-12-31,15:50:00,121.45314356582,30.916548502369
906,3101135201500016,2,2015-1-13,19:28:00,121.298841349,31.339927524535
907,3101135201500007,1,2015-1-14,7:04:00,121.40903779025,31.422546166588
908,3101175201500068,2,2015-3-28,11:10:00,121.38502094296,31.00164166744
909,3101120201500072,1,2015-4-28,8:10:00,121.38468442155,31.180662725161
910,3102232201500001,1,2015-2-4,14:30:00,121.62570643734,31.317803459451
911,3101127201500028,1,2015-2-27,18:01:00,121.42297725588,31.110216058818
912,3101179201500059,2,2015-3-14,14:38:00,121.28343796159,31.094240014519
913,3101203201500042,1,2015-4-7,9:00:00,121.48789948569,31.249161710015
914,3101179201500086,1,2015-4-9,1:50:00,121.21664693561,31.107206369236
915,3101170201500038,1,2015-1-30,10:21:00,121.21025464032,31.00866975146
916,3101071201500031,1,2015-4-1,18:58:00,121.39071355888,31.263454120217
917,3101172201500060,2,2015-3-11,5:35:00,121.32341834726,30.966879506562
918,3101184201500100,1,2015-4-20,1:00:00,121.27486717751,31.1533678379
919,3101080201500017,2,2015-4-15,6:13:00,121.45765266063,31.294617854291
920,3101134201500087,1,2015-4-22,8:45:00,121.42034951194,31.398090908842
921,3101174201500098,1,2015-4-22,5:29:00,121.32339013418,31.088979970326
922,3101134201500070,1,2015-4-4,21:37:00,121.38641646955,31.423061074741
923,3101149201500052,1,2015-4-28,14:44:00,103.91201515484,35.531078701642
924,3101137201500086,1,2015-4-19,4:20:00,121.40243290376,31.35857774074
925,3101155201500143,1,2015-4-27,12:30:00,121.81949092853,31.066038573362
926,3101130201500071,2,2015-4-5,9:15:00,121.37245662047,31.452702651312
927,3101103201500006,1,2015-3-16,8:05:00,121.53946642065,31.337649134072
928,3101139201500078,1,2015-4-13,23:26:00,121.39507487255,31.396027814705
929,3101047201500017,3,2015-4-30,11:02:00,121.43458478688,31.17186266638
930,3101151201500036,1,2015-1-29,12:30:00,113.55949977564,22.231693326438
931,3101158201500144,1,2015-4-27,23:11:00,121.68319812472,31.276267606886
932,3101156201500149,1,2015-4-30,15:43:00,121.69863826091,31.166288309823
933,3101129201500057,2,2015-4-13,7:37:00,121.43259484165,31.081472209725
934,3101173201500089,2,2015-4-15,11:40:00,121.59655683496,30.985723321869
935,3101012201500012,1,2015-4-24,22:07:00,121.4930915029,31.21642618118
936,3101049201500016,2,2015-4-24,11:11:00,121.44619318565,31.106158240385
937,3101155201500118,1,2015-4-9,23:31:00,121.53205319754,31.181860759069
938,3101010201500007,1,2015-3-30,9:50:00,121.49356208743,31.235851967684
939,3101158201500045,1,2015-2-2,19:50:00,121.59846922948,31.266252466283
940,3101139201500014,1,2015-1-28,18:44:00,121.38641646955,31.423061074741
941,3101186201500096,1,2015-4-13,21:23:00,121.1367823153,31.171798625555
942,3101137201500080,2,2015-4-13,19:15:00,121.36495303322,31.424879902706
943,3101169201500028,1,2015-4-9,0:01:00,121.33477007499,30.741352403679
944,3101139201500067,2,2015-4-3,6:50:00,121.39507487255,31.396027814705
945,3101138201500096,2,2015-4-28,10:09:00,121.43037814435,31.298858109633
946,3102300201500043,1,2015-4-13,12:15:00,121.57746468084,31.622725551125
947,3101175201500085,2,2015-4-8,18:55:00,121.26878319953,31.035166099497
948,3101079201500037,1,2015-4-19,19:05:00,121.4406009383,31.266157973022
949,3101139201500088,1,2015-4-21,16:35:00,121.46576970251,31.3865431053
950,3101155201500127,1,2015-4-15,19:13:00,121.63123874075,31.322774583562
951,3101019201500013,2,2015-4-25,17:58:00,121.47123808699,31.22086188007
952,3101097201500016,1,2015-4-25,7:20:00,121.53942685568,31.2749637239
953,3101153201500115,1,2015-4-8,10:58:00,121.61092404224,31.315188632619
954,3101171201500095,2,2015-4-11,23:57:00,121.29100122237,31.101728570268
955,3101155201500148,1,2015-4-29,19:31:00,121.52085413504,31.222625108725
956,3101151201500081,1,2015-3-13,21:24:00,121.5311245356,31.19354495918
957,3101184201500088,1,2015-4-6,15:32:00,121.10836464327,31.26325941637
958,3101017201500010,1,2015-4-18,21:07:00,121.48342111203,31.203981185437
